6 3 9 5 6 7 1
6 7 8 7 7 7 1
10 10 10 10 8 9 1
3 3 6 3 3 -1 0
10 10 10 10 7 8 1
3 3 6 3 10 0 0
3 3 0 3 -1 -1 0
3 3 4 2 -1 3 0
6 6 6 7 10 7 1
3 3 3 3 0 -1 0
7 7 10 10 9 7 1
3 3 3 1 -1 -1 0
3 3 3 3 -1 -1 0
3 3 3 3 2 1 0
5 5 0 10 10 0 0
6 7 8 7 5 6 1
5 2 0 10 9 0 0
3 2 3 3 10 0 0
5 5 5 5 6 0 0
5 6 2 2 -1 2 0
3 3 3 2 -1 2 0
3 3 7 2 7 3 0
3 3 3 5 7 3 0
5 5 5 3 6 3 0
2 3 6 4 7 3 0
5 5 6 5 7 1 0
6 3 7 6 9 6 1
7 7 7 7 7 7 1
3 3 3 3 -1 -1 0
3 3 5 3 9 3 0
3 3 2 2 7 3 0
3 3 3 3 8 3 0
3 3 6 3 6 -1 0
3 5 6 2 6 2 0
2 3 2 2 -1 -1 0
5 7 3 4 7 2 0
7 7 7 5 8 7 1
3 3 3 3 -1 -1 0
3 3 3 1 -1 -1 0
6 3.526915757975852 9 5 6 7 1
6 7 8 7.006728734226502 7 7 1
10 10 10 10.358447436419027 8 9 1
3 3.307211806340775 6 3 3 -1 0
10.51902899057459 10 10 10 7 8 1
3 3 6 3 10.995917738983657 0 0
3 3 0 3 -0.7515259607800546 -1 0
3.850228271265526 3 4 2 -1 3 0
6 6 6.872440742142984 7 10 7 1
3 3.5994526789378574 3 3 0 -1 0
7 7 10.037636643141713 10 9 7 1
3 3 3.3920954826166523 1 -1 -1 0
3.796552329680991 3 3 3 -1 -1 0
3 3 3 3 2.368989459398403 1 0
5 5 0.42973582138672184 10 10 0 0
6 7 8.013766069089652 7 5 6 1
5 2 0 10 9 0.9863504511446425 0
3 2.5580446281356917 3 3 10 0 0
5 5 5 5 6 0.48874151206408 0
5 6.5879311520649235 2 2 -1 2 0
3 3.073689425647409 3 2 -1 2 0
3 3 7 2 7.458844641661803 3 0
3 3 3 5.092039997055392 7 3 0
5 5 5 3 6 3.517106799303463 0
2 3 6 4 7 3.1464105358416288 0
5 5 6 5.756849091266403 7 1 0
6 3.523394610291528 7 6 9 6 1
7 7 7 7 7.5480992061145455 7 1
3 3.690365273844577 3 3 -1 -1 0
3 3 5 3.5637762793008756 9 3 0
3 3 2 2 7 3.5918626702365564 0
3 3 3 3.852614354520774 8 3 0
3 3 6 3.3193966816109883 6 -1 0
3 5 6.963222621245717 2 6 2 0
2 3 2 2 -1 -0.582334068637708 0
5 7 3 4 7 2.5589761857474183 0
7 7 7.511642111562903 5 8 7 1
3 3 3.815610225744994 3 -1 -1 0
3.423487511614921 3 3 1 -1 -1 0
6.8300215312783985 3 9 5 6 7 1
6 7 8.190117890475898 7 7 7 1
10 10 10 10.245269804853441 8 9 1
3.879127831253006 3 6 3 3 -1 0
10 10 10 10 7 8.361389422656929 1
3 3.531919454218456 6 3 10 0 0
3.6510272440871794 3 0 3 -1 -1 0
3.8618530136290206 3 4 2 -1 3 0
6 6.194371941324042 6 7 10 7 1
3.179192541526479 3 3 3 0 -1 0
7 7.614454801260496 10 10 9 7 1
3 3 3 1 -0.22957684775307163 -1 0
3 3.2243156500057806 3 3 -1 -1 0
3 3 3 3 2 1.704484084113973 0
5 5 0 10.187338095374157 10 0 0
6 7.923031496044905 8 7 5 6 1
5 2.9378681386513303 0 10 9 0 0
3 2.8719451002229315 3 3 10 0 0
5 5 5 5 6.1791150536033905 0 0
5 6 2 2.328760073429411 -1 2 0
3 3.6981925340228483 3 2 -1 2 0
3.361828695337497 3 7 2 7 3 0
3.921634027251613 3 3 5 7 3 0
5 5 5 3.90717485708065 6 3 0
2 3 6 4 7.918177299517133 3 0
5 5 6 5 7.401502491454695 1 0
6 3 7 6 9 6.496556836493761 1
7 7 7 7 7 7.478358049647106 1
3 3.239472191343839 3 3 -1 -1 0
3 3.3747221924964634 5 3 9 3 0
3 3 2 2 7 3.1997926254544384 0
3 3 3 3 8 3.3703639989432723 0
3 3 6.765284246781352 3 6 -1 0
3 5.500704108314929 6 2 6 2 0
2.6303388165985386 3 2 2 -1 -1 0
5 7 3 4 7.84926807183001 2 0
7.9022143021108855 7 7 5 8 7 1
3 3 3 3.072603169593092 -1 -1 0
3 3 3.7931741894349917 1 -1 -1 0
