6 3 9 5 6 7 1
6 7 8 7 7 7 1
10 10 10 10 8 9 1
3 3 6 3 3 -1 0
10 10 10 10 7 8 1
3 3 6 3 10 0 0
3 3 0 3 -1 -1 0
3 3 4 2 -1 3 0
6 6 6 7 10 7 1
3 3 3 3 0 -1 0
7 7 10 10 9 7 1
3 3 3 1 -1 -1 0
3 3 3 3 -1 -1 0
3 3 3 3 2 1 0
5 5 0 10 10 0 0
6 7 8 7 5 6 1
5 2 0 10 9 0 0
3 2 3 3 10 0 0
5 5 5 5 6 0 0
5 6 2 2 -1 2 0
3 3 3 2 -1 2 0
3 3 7 2 7 3 0
3 3 3 5 7 3 0
5 5 5 3 6 3 0
2 3 6 4 7 3 0
5 5 6 5 7 1 0
6 3 7 6 9 6 1
7 7 7 7 7 7 1
3 3 3 3 -1 -1 0
3 3 5 3 9 3 0
3 3 2 2 7 3 0
3 3 3 3 8 3 0
3 3 6 3 6 -1 0
3 5 6 2 6 2 0
2 3 2 2 -1 -1 0
5 7 3 4 7 2 0
7 7 7 5 8 7 1
3 3 3 3 -1 -1 0
3 3 3 1 -1 -1 0
6 3 9 5.5000336323529035 6 7 1
6 7 8 7 7.832522112823124 7 1
10 10 10.305327642512149 10 8 9 1
3 3 6 3 3.9361664687065434 -1 0
10 10.593172791906287 10 10 7 8 1
3 3 6 3 10 0.12691669135066996 0
3 3 0 3 -1 -0.6502818416318294 0
3 3 4 2 -1 3.099075711785554 0
6 6 6 7.372037428187716 10 7 1
3 3 3.5627180420677944 3 0 -1 0
7 7 10 10 9 7.535984624925263 1
3 3 3 1 -1 -0.3602143770614513 0
3 3 3.954044504418152 3 -1 -1 0
3 3 3 3 2.7984173597866793 1 0
5.920635762984288 5 0 10 10 0 0
6 7.411017336749356 8 7 5 6 1
5 2 0 10 9 0.3845766316440459 0
3 2 3 3 10 0.7088859365224981 0
5.787644291693049 5 5 5 6 0 0
5 6 2 2 -1 2.060464574437268 0
3 3 3 2 -0.39768210413549976 2 0
3 3 7 2 7.4703130222856675 3 0
3 3 3 5 7 3.9945016466281356 0
5 5.678277897647156 5 3 6 3 0
2 3 6 4 7.173147472210129 3 0
5 5 6 5.2511602724657775 7 1 0
6 3 7.330229237541889 6 9 6 1
7.0840530881476225 7 7 7 7 7 1
3.2619953998463758 3 3 3 -1 -1 0
3.978397633562153 3 5 3 9 3 0
3 3.7167833382102415 2 2 7 3 0
3 3.0486500005759214 3 3 8 3 0
3 3.3760327452081333 6 3 6 -1 0
3.8588329873738196 5 6 2 6 2 0
2 3 2 2 -0.22152612116061043 -1 0
5 7 3 4.6949831117492105 7 2 0
7 7.956100033996707 7 5 8 7 1
3 3.8043130453893594 3 3 -1 -1 0
3 3.8917256826778543 3 1 -1 -1 0
6.3814780893738074 3 9 5 6 7 1
6 7.587622659543647 8 7 7 7 1
10 10 10 10 8 9.729760998434015 1
3 3.729548989243838 6 3 3 -1 0
10 10.828836621691842 10 10 7 8 1
3.0465189671129047 3 6 3 10 0 0
3.7960711215303515 3 0 3 -1 -1 0
3.20876103863214 3 4 2 -1 3 0
6 6 6 7 10.297849849407434 7 1
3 3 3 3 0 -0.2951475551656034 0
7 7 10 10.980246348580042 9 7 1
3 3 3 1 -1 -0.4806161358225284 0
3 3 3 3 -0.45876170628630675 -1 0
3.463115988759428 3 3 3 2 1 0
5 5 0 10.752517142997679 10 0 0
6.8957043045132504 7 8 7 5 6 1
5.869410322510746 2 0 10 9 0 0
3 2 3 3.0922985809667987 10 0 0
5 5 5 5 6 0.07622269892116862 0
5 6 2 2 -1 2.5376233237788974 0
3 3 3 2 -1 2.5182500704821336 0
3 3 7 2 7.455157996805708 3 0
3 3 3 5.888966146901641 7 3 0
5 5 5 3 6.343466074666538 3 0
2 3.2646950268934884 6 4 7 3 0
5 5 6 5 7 1.8540808922182581 0
6 3.7485602693451643 7 6 9 6 1
7 7.9548050282937535 7 7 7 7 1
3 3 3.897844435213691 3 -1 -1 0
3.808114299153731 3 5 3 9 3 0
3 3 2 2.637386035123612 7 3 0
3 3.4964953929643268 3 3 8 3 0
3 3 6.4262966833616755 3 6 -1 0
3 5 6.123545142811036 2 6 2 0
2 3 2.761426647350748 2 -1 -1 0
5 7 3 4 7.075842258207667 2 0
7 7 7 5.018583205321145 8 7 1
3.0727715577088963 3 3 3 -1 -1 0
3 3 3.0915961804407304 1 -1 -1 0
6.943235024908786 3 9 5 6 7 1
6.072939195229782 7 8 7 7 7 1
10 10 10 10 8 9.188225720561334 1
3 3 6.047135815929424 3 3 -1 0
10 10 10 10.685328383636396 7 8 1
3 3 6 3.2022426402065554 10 0 0
3 3 0 3.630912206245395 -1 -1 0
3.748904138101519 3 4 2 -1 3 0
6 6 6 7 10 7.088153637987543 1
3 3 3.985349020961868 3 0 -1 0
7 7 10 10 9.163774653982472 7 1
3 3 3 1.675276817559996 -1 -1 0
3.5718955088522835 3 3 3 -1 -1 0
3 3 3 3 2.6784547667000242 1 0
5 5 0 10 10 0.6786193813558391 0
6.736314585633835 7 8 7 5 6 1
5.399798071845901 2 0 10 9 0 0
3 2 3.863534108165362 3 10 0 0
5 5 5 5.79326554617754 6 0 0
5 6 2 2 -0.3755506993833011 2 0
3 3 3 2 -1 2.2534063936550233 0
3 3 7.772663920407314 2 7 3 0
3 3.451233244232076 3 5 7 3 0
5 5 5 3.200309031619808 6 3 0
2.6991424381991953 3 6 4 7 3 0
5.976068197418937 5 6 5 7 1 0
6.211387862124756 3 7 6 9 6 1
7 7 7 7 7 7.886222531553124 1
3 3 3 3 -1 -0.1390811178643192 0
3.231898307463678 3 5 3 9 3 0
3 3.303065844165905 2 2 7 3 0
3.252997374719077 3 3 3 8 3 0
3 3 6 3 6 -0.37206632752252766 0
3 5 6 2.3241939498817734 6 2 0
2 3 2 2 -0.9990711240290686 -1 0
5 7 3 4 7.933968656757315 2 0
7 7 7 5 8.934037318151754 7 1
3 3.5146952828591376 3 3 -1 -1 0
3.35501237980972 3 3 1 -1 -1 0
6 3.9547437164265844 9 5 6 7 1
6.48583231246006 7 8 7 7 7 1
10 10 10 10.542279851993571 8 9 1
3 3 6 3 3.101182878570965 -1 0
10 10 10.554213680590948 10 7 8 1
3 3 6 3 10.956411762548758 0 0
3.3305673452720965 3 0 3 -1 -1 0
3 3 4 2 -0.9800761387998298 3 0
6 6 6 7 10.073158887251306 7 1
3.7922199986608014 3 3 3 0 -1 0
7 7 10 10 9 7.751868203608249 1
3 3 3.4067521972340096 1 -1 -1 0
3.2960070373546815 3 3 3 -1 -1 0
3 3 3 3 2.7345939277643767 1 0
5 5 0.5022937680540045 10 10 0 0
6 7 8 7.938856747120944 5 6 1
5.810993860036083 2 0 10 9 0 0
3 2 3 3 10.414013751961845 0 0
5 5 5.841149454101179 5 6 0 0
5.340958864244676 6 2 2 -1 2 0
3 3 3 2.6283467973850447 -1 2 0
3 3 7.279241714414923 2 7 3 0
3 3.2858048787034084 3 5 7 3 0
5 5 5.471034765147834 3 6 3 0
2 3.8487414923180827 6 4 7 3 0
5 5 6.794266530284274 5 7 1 0
6 3 7 6 9.25025346769671 6 1
7 7 7 7.830663987872476 7 7 1
3.7305768081727697 3 3 3 -1 -1 0
3 3 5 3 9.967704133011091 3 0
3 3 2.9531276180962016 2 7 3 0
3 3 3 3 8.484069922406837 3 0
3 3 6 3 6.813626030833752 -1 0
3 5 6 2 6.730480972056844 2 0
2 3 2 2.7953578265822676 -1 -1 0
5 7 3.6349527957645056 4 7 2 0
7 7 7 5.389106611611727 8 7 1
3.4330463878374284 3 3 3 -1 -1 0
3.9715399708497943 3 3 1 -1 -1 0
6 3 9 5 6 7.532495544123604 1
6 7 8.870863472585622 7 7 7 1
10.52949047261856 10 10 10 8 9 1
3 3.445410427714399 6 3 3 -1 0
10 10 10 10.095593709177065 7 8 1
3 3 6.166112288406955 3 10 0 0
3 3 0.38133172763590084 3 -1 -1 0
3.825164834824821 3 4 2 -1 3 0
6 6 6 7 10.235300613298067 7 1
3 3 3 3 0 -0.3795848875334068 0
7 7.610036545300041 10 10 9 7 1
3.5782948746253442 3 3 1 -1 -1 0
3 3 3.5581180694679495 3 -1 -1 0
3.182876107563609 3 3 3 2 1 0
5 5.869963260229342 0 10 10 0 0
6 7.421304948728485 8 7 5 6 1
5 2 0 10 9.103097184308115 0 0
3 2 3 3 10.205066972148776 0 0
5.092948763566146 5 5 5 6 0 0
5.453300860791988 6 2 2 -1 2 0
3.512921768029737 3 3 2 -1 2 0
3 3 7 2.8299578527950513 7 3 0
3 3 3.719345573790858 5 7 3 0
5 5 5 3 6 3.0738814780090578 0
2 3 6 4.844492800176473 7 3 0
5 5 6 5 7 1.4008725390666117 0
6 3.2156329828684997 7 6 9 6 1
7 7 7 7 7 7.689978630942893 1
3 3 3 3 -0.4215086904955764 -1 0
3.9711999788712293 3 5 3 9 3 0
3 3 2 2 7.846531937034149 3 0
3 3 3.516583436922919 3 8 3 0
3.9500145689883883 3 6 3 6 -1 0
3 5 6 2.5581012475811984 6 2 0
2.873281779735916 3 2 2 -1 -1 0
5 7 3 4 7 2.3012917710818845 0
7 7 7.769921764597105 5 8 7 1
3 3 3.5368926076307377 3 -1 -1 0
3.8202240513140686 3 3 1 -1 -1 0
6 3 9 5.745025384243986 6 7 1
6 7 8 7.447135783729143 7 7 1
10 10 10 10 8.583299668992215 9 1
3.756297558283568 3 6 3 3 -1 0
10 10 10 10.488559957486858 7 8 1
3.592477676571819 3 6 3 10 0 0
3 3.7138263340771305 0 3 -1 -1 0
3 3 4 2 -1 3.6113531524138844 0
6 6 6 7 10.974183430309584 7 1
3 3 3 3 0 -0.6815716422044833 0
7 7 10 10.815695702097855 9 7 1
3 3 3 1 -0.5213630276643916 -1 0
3 3.9265127683138448 3 3 -1 -1 0
3 3 3 3 2 1.8347787922815453 0
5 5 0 10 10 0.4520166305648823 0
6 7 8 7 5.256528947436768 6 1
5 2 0 10 9 0.9312415084618485 0
3 2 3 3 10.504156890994974 0 0
5 5 5.654670223565875 5 6 0 0
5 6 2 2 -0.23600079054703094 2 0
3 3 3 2 -0.29773153431759847 2 0
3 3 7 2.6641204644775653 7 3 0
3 3 3 5 7.237534486793062 3 0
5 5 5.1889314800770245 3 6 3 0
2 3.8203787773956304 6 4 7 3 0
5 5 6 5 7 1.7732383679856785 0
6 3 7 6 9 6.012560593613881 1
7 7 7 7 7 7.579377167523914 1
3 3 3.849757737454161 3 -1 -1 0
3 3.7711592412365453 5 3 9 3 0
3 3 2 2 7.489693239720514 3 0
3.498970949736673 3 3 3 8 3 0
3 3 6 3 6.733353153318295 -1 0
3.70503071281454 5 6 2 6 2 0
2 3 2 2 -0.3816400239728289 -1 0
5 7.796106158431674 3 4 7 2 0
7.944192747601367 7 7 5 8 7 1
3 3 3.878389594384772 3 -1 -1 0
3 3 3 1.2817703266150144 -1 -1 0
6.883662922172441 3 9 5 6 7 1
6 7.450426049355477 8 7 7 7 1
10 10 10 10 8.191832977333737 9 1
3 3 6 3.1053550120012257 3 -1 0
10.28889387098827 10 10 10 7 8 1
3 3 6.02796372761031 3 10 0 0
3 3 0 3 -1 -0.18102475257521977 0
3 3 4 2.700743191971395 -1 3 0
6.398215918175921 6 6 7 10 7 1
3 3 3.74604596177624 3 0 -1 0
7 7 10 10 9.952166077437804 7 1
3 3 3.808835013167937 1 -1 -1 0
3 3 3 3.0898328887970536 -1 -1 0
3 3.4861970497431276 3 3 2 1 0
5 5 0.05339393148410232 10 10 0 0
6 7 8 7 5 6.258690428480974 1
5 2 0.03522573493778447 10 9 0 0
3 2 3 3 10 0.7581554823295273 0
5 5.851939243139297 5 5 6 0 0
5.396930860215953 6 2 2 -1 2 0
3 3 3 2.767136845226065 -1 2 0
3 3 7.665227431983756 2 7 3 0
3.5236561707769503 3 3 5 7 3 0
5 5.373115600819901 5 3 6 3 0
2 3 6 4.178065500101103 7 3 0
5 5 6.558184093478088 5 7 1 0
6 3 7 6 9 6.354849692499259 1
7 7 7 7.840357506520004 7 7 1
3 3 3 3.3134471954141778 -1 -1 0
3 3 5.385873900128624 3 9 3 0
3.4195061194363863 3 2 2 7 3 0
3 3.71583083360243 3 3 8 3 0
3 3 6.488895734315535 3 6 -1 0
3 5 6 2 6 2.30343246410752 0
2 3 2 2 -0.6506361341681002 -1 0
5.823028649592824 7 3 4 7 2 0
7 7.935969461063709 7 5 8 7 1
3 3 3 3.2858947293695557 -1 -1 0
3 3 3 1 -0.13579754417384826 -1 0
6 3 9.343766717723764 5 6 7 1
6 7 8 7.070914431961965 7 7 1
10 10 10.954105745039154 10 8 9 1
3 3.115994099911498 6 3 3 -1 0
10 10 10 10 7 8.098693235289687 1
3 3 6 3.2924462434437287 10 0 0
3 3 0.5142370824889075 3 -1 -1 0
3 3 4 2 -0.3480831660209651 3 0
6 6 6.843045865326944 7 10 7 1
3 3 3 3 0 -0.7887708722617276 0
7 7 10 10 9 7.698346616761153 1
3 3 3.134878511570038 1 -1 -1 0
3 3 3 3 -1 -0.43418639359562483 0
3 3 3.127679033132664 3 2 1 0
5 5 0 10 10 0.36404588499063595 0
6 7 8.682257636192691 7 5 6 1
5 2 0 10 9 0.9126581282933462 0
3.4047105296684803 2 3 3 10 0 0
5 5 5 5.56569428230297 6 0 0
5 6 2 2.205839041314317 -1 2 0
3 3 3 2 -0.3637028150613625 2 0
3 3 7 2 7 3.0958114837654076 0
3 3 3 5.247210506805767 7 3 0
5 5 5 3 6.621555262797196 3 0
2 3 6.919899695949328 4 7 3 0
5 5.896098554811374 6 5 7 1 0
6 3 7 6 9 6.398853166177018 1
7 7 7 7.159236102058653 7 7 1
3 3 3 3 -1 -0.053125791413982326 0
3.090393620739785 3 5 3 9 3 0
3 3 2 2 7 3.132831901147432 0
3 3 3 3 8.309636171783582 3 0
3 3 6 3 6.19956949877878 -1 0
3 5 6 2 6.773235526881804 2 0
2 3 2.5409895054032754 2 -1 -1 0
5 7 3 4 7 2.507340740149477 0
7 7 7.412366430714435 5 8 7 1
3.795374069931047 3 3 3 -1 -1 0
3 3 3 1 -1 -0.2685060288940133 0
6.696725168936702 3 9 5 6 7 1
6 7 8.844396208390803 7 7 7 1
10 10.256681729505512 10 10 8 9 1
3.1320549117904672 3 6 3 3 -1 0
10 10 10 10 7 8.276124575357814 1
3 3.4826774189835557 6 3 10 0 0
3 3.8763964010101413 0 3 -1 -1 0
3 3 4 2 -0.34766170039036837 3 0
6 6 6 7 10.247667804054878 7 1
3.0611558694677434 3 3 3 0 -1 0
7 7 10.61853694018293 10 9 7 1
3 3 3 1 -1 -0.8362924576870199 0
3 3 3 3 -0.2434005983676666 -1 0
3 3 3 3 2 1.8364049457708416 0
5 5 0 10 10 0.5523393042338984 0
6 7 8 7.9110052677654 5 6 1
5 2 0 10.157937257823866 9 0 0
3 2 3 3.1468927887872953 10 0 0
5 5 5 5 6.996527990087826 0 0
5 6.011013857711901 2 2 -1 2 0
3 3.665365490061846 3 2 -1 2 0
3 3 7 2.5492251180173082 7 3 0
3 3.469774033693747 3 5 7 3 0
5 5.3804408917637945 5 3 6 3 0
2.443711666561339 3 6 4 7 3 0
5 5 6 5 7 1.6446362055664072 0
6 3 7 6 9.689331844998316 6 1
7 7 7.035661386588662 7 7 7 1
3.1927829187514813 3 3 3 -1 -1 0
3 3 5 3 9.253930559407303 3 0
3 3 2 2 7.329223384033749 3 0
3 3 3 3 8 3.8565168698963754 0
3 3 6 3 6.3849797201604535 -1 0
3.54959238795733 5 6 2 6 2 0
2 3 2.192292315289327 2 -1 -1 0
5 7 3 4 7 2.191949395078959 0
7.092912422037273 7 7 5 8 7 1
3 3 3 3 -1 -0.7505891585299458 0
3.0286528838032787 3 3 1 -1 -1 0
6 3 9 5 6.482527107629193 7 1
6.437565084402915 7 8 7 7 7 1
10 10.453544822125558 10 10 8 9 1
3 3 6 3 3 -0.12601264313443772 0
10.758674954318359 10 10 10 7 8 1
3 3 6 3 10 0.5790358646136756 0
3 3 0 3 -1 -0.7827993259156494 0
3 3.9430338590905487 4 2 -1 3 0
6 6 6 7 10 7.22731114697017 1
3 3 3 3 0 -0.8156160612501726 0
7 7 10 10 9.309276912038674 7 1
3 3.196382992561843 3 1 -1 -1 0
3 3 3 3 -1 -0.08069619890009128 0
3 3 3 3 2 1.1468020348940318 0
5 5 0.7743715546180437 10 10 0 0
6 7 8 7 5 6.490595531968527 1
5 2 0 10 9 0.04123415512485573 0
3.4886142879522106 2 3 3 10 0 0
5 5.037769195154711 5 5 6 0 0
5.069577495851892 6 2 2 -1 2 0
3.1263785755148303 3 3 2 -1 2 0
3 3 7 2 7 3.4275182464701435 0
3 3.8732775428984856 3 5 7 3 0
5 5 5.856760140155444 3 6 3 0
2 3.397418048983729 6 4 7 3 0
5 5.240854141742965 6 5 7 1 0
6 3 7.869638969015247 6 9 6 1
7 7 7 7 7.696437584751391 7 1
3.1489325044615812 3 3 3 -1 -1 0
3 3.3982472657562934 5 3 9 3 0
3 3 2 2 7 3.720148804002983 0
3 3.486905637117572 3 3 8 3 0
3 3 6 3 6 -0.5676306003929105 0
3 5 6 2.4369720398184618 6 2 0
2 3.3457934096241138 2 2 -1 -1 0
5 7.110393777809847 3 4 7 2 0
7 7.2712538997500005 7 5 8 7 1
3 3 3 3 -0.25888604330868825 -1 0
3 3 3.3957078977478625 1 -1 -1 0
